1232
1233
1238
1239
1248
1249
1252
1264
1268
1276
1287
1288
1306
1310
1311
1312
1317
1325
1332
1334
1344
1352
1375
1393
1397
1398
1418
1427
1428
1430
1436
1460
1462
1464
1467
1468
1470
1475
1477
1478
1493
1503
1557
1558
1574
1595
1596
1622
1634
1635
1680
1683
1726
1785
1807
1810
1826
1841
1866
1867
1870
1871
1872
1875
1877
1878
1894
1906
1918
1942
1945
1946
1953
1955
1994
2007
2012
2017
2041
2045
2053
2061
2064
2070
2077
2092
2093
2096
2097
2098
2104
2117
2124
2127
2140
2141
2146
2164
2176
2182
2184
2279
2303
2307
2314
2317
2353
2389
2481
2482
2483
2510
2534
2538
2541
2564
2571
2585
2607
2675
2714
2734
2743
2758
2769
2776
2808
2815
2829
2834
2842
2847
2851
2878
2883
2889
2892
2893
2895
2990
2993
3058
3086
3147
3229
3244
3260
3301
3347
3413
3482
3510
3557
3574
3635
3693
3697
3698
3699
3706
3712
3714
3715
3719
3722
3726
3731
3754
3755
3766
3789
3790
3795
3800
3817
3821
3836
3886
3892
3905
3923
3931
3957
3960
4000
4032
4036
4037
4038
4039
4041
4042
4116
4131
4148
4161
4162
4199
4237
4238
4259
4274
4275
4284
4309
4323
4354
4392
4405
4426
4435
4443
4476
4479
4493
4494
4508
4510
4528
4544
4580
4592
4629
4636
4648
4666
4673
4675
4750
4792
4805
4808
4810
4842
4867
4896
4902
4927
4931
4943
4945
4946
4960
4969
4975
4976
4981
4994
4996
5009
5018
5030
5051
5056
5061
5062
5069
5070
5082
5084
5089
5093
5094
5097
5103
5104
5105
5108
5111
5115
5117
5118
5120
5125
5126
5129
5137
5139
5141
5143
5148
5150
5151
5152
5153
5155
5156
5158
5164
5166
5167
5174
5178
5180
5183
5184
5189
5196
5200
5202
5205
5211
